codes,entropy Von Neumann
100206,4.504633959403863
100307,4.978546239848405
100408,3.90173983270082
100610,4.430463035278491
101006,4.799771242487892
101107,3.8516816581332547
101309,4.580135283281839
101410,4.813104977635083
101915,4.220074510780748
102008,3.9753268215024065
102109,3.741307280376141
102311,4.341991449083771
102513,4.3829864684507545
102614,4.882310723373983
102715,4.59500474822673
102816,4.53153070252754
103010,4.112954306703792
103111,4.856739825619026
103212,4.561152105054367
103414,4.903517543381089
103515,4.497468710741076
103818,4.475553762911126
104012,4.81235441663682
104416,4.393742387377705
104820,4.723898364730136
105014,4.625256504103023
105115,4.929390063372486
105216,4.506007763194476
105620,4.616095208420602
105923,3.993331760378887
106016,4.550933614582103
106319,3.418309278494169
106521,4.910378230792871
106824,4.33935291174712
107018,4.383220059850204
107220,4.689588237464436
107321,4.826171793372405
107422,3.8611340612045586
107725,4.7415921258060445
108020,4.368783260453192
108121,4.522085005076542
108222,3.898260766495553
108323,4.414863995634558
108525,4.358577859983832
108828,4.178994834018085
109123,4.2900292400130535
109325,4.619888959109236
109830,4.9689331933445136
110007,4.957405983483143
110411,3.9968347619897435
110613,3.823607023585047
111009,4.67687614677786
111211,4.225055469782049
111312,4.476839723679403
111413,4.620833950641993
111514,4.917903167390822
111716,4.859793774094871
112112,3.7567261044966878
112314,4.398055308565675
112516,4.736423033548952
112819,4.898770870356857
112920,3.536329423953933
113215,4.164364792025316
113316,4.7502880189232695
113417,4.752161342253983
113619,4.399409826545423
113821,4.910191236638377
113922,4.3779279658156245
114116,4.564780856192359
114217,4.418881277409376
114318,4.268137611867146
114419,3.96732059581024
114621,4.463113542865985
114823,4.399969462148318
114924,4.622028100626568
115017,4.631123048901833
115219,4.542945299831257
115320,4.8387263346409295
115724,4.681534974963452
115825,4.349607415832971
116221,4.5364201849552375
116423,4.361767887391997
116524,4.238657298101133
116726,4.817093111164855
117021,4.417931713965062
117122,4.416173855319988
117324,4.54764194133132
117728,4.053309900549184
117930,4.760772919551349
118023,3.9552040857504718
118124,5.226109855931111
118225,4.430116257841321
118528,4.65546080326835
118730,5.020970810823853
118831,4.276514381461322
118932,4.505172924763293
119025,4.785394444142037
119126,4.683904228027033
119732,4.327822645285183
119833,4.382061388477867
120010,4.464853440597774
120111,4.654399150711036
120212,4.858155489406881
120414,4.302529785530417
120515,5.002400636103472
120717,4.314776819795691
121315,4.5536794062720976
121416,4.277656137083728
121618,4.92462362392539
121719,4.404874672070996
121921,4.3457648308707855
122317,4.5376725679207475
122418,4.3584331084179
122620,4.870136739867641
122822,4.826077423739321
123117,4.986939903622147
123420,4.62630400016838
123521,4.515773037501278
123723,4.689544690687731
123824,4.094942254440715
123925,4.468813711533336
124220,4.77680273244092
124422,4.198381820956627
124624,4.199081146936348
124826,4.887378145949938
125222,4.623970158621567
125424,3.994188854868119
125525,4.646637414578002
126325,4.67463940517653
126426,5.126214723005674
126628,4.113984605024107
127226,4.243249465174648
127327,4.654388683747181
127630,4.488093959543564
127731,4.65603337047399
127832,4.01031512064648
127933,4.766082518307925
128026,4.406038864001374
128127,4.467230332546563
128329,4.790102386178035
128632,3.8083340211312935
128935,4.8791031331896795
129028,4.508768374429357
129129,4.565856249861501
129331,4.518314177725436
129533,4.977435098036801
129634,4.3425335423753735
129937,4.659008512667422
130013,4.727926269878133
130114,4.551808201416253
130316,4.393046798983988
130417,4.441261813727465
130518,4.531643222368501
130619,4.031470386025989
130720,3.9031342008348426
130821,4.319905874264727
130922,4.762681327995811
131217,4.665302779077967
131419,4.756389549657118
131722,4.374268549922571
131823,4.038082971455621
131924,4.645771731633439
132017,4.298043789244074
132118,4.7264104467979084
133019,3.919470867886199
133625,4.544394515314487
133827,3.2378379457444915
133928,3.831587373899304
134021,4.282996778354696
134223,4.376481662134916
134324,4.589673477420017
134425,4.784077978278271
134627,4.455918060475213
134728,4.593341143727702
134829,4.101601834444792
135124,4.021885199136978
135225,4.302599525637524
135528,4.938269514166358
135629,4.2909304501121674
135730,4.011405166398133
135932,3.926551332070783
136126,4.615644228964404
136227,4.813774868232924
136631,4.4802775627816676
136732,4.9263016022093975
136833,4.097917980655516
137027,4.515948264753197
137128,4.5523958816797006
137229,4.847970412062536
137431,4.076878779022285
137532,4.150889209269936
137633,4.559700619395251
137936,4.480457810490597
138130,4.697568286769616
138231,5.03409652183555
138332,4.490607791185708
138534,4.125825725203467
138837,3.412949323909885
139233,4.878943971303025
139435,4.582892850615209
139637,4.163584419637752
139839,4.759640514268265
140117,4.564688357155266
140319,4.689212142188908
140420,4.111833812967937
140824,4.281171336921492
140925,4.011639767346494
141119,4.2924093088782485
141422,4.780235684896736
141826,4.811871905754004
142424,5.296202438225308
142828,3.735309036618643
143224,3.8932138532224703
143325,4.544117814965723
143426,4.653493877061678
143830,4.56912040083864
144125,3.824683187673878
144226,4.681562452796185
144428,4.1606119096967555
144731,4.060349432581678
144832,4.991568978268091
144933,4.559861900406952
145127,4.984111541163061
145531,4.713857789567257
145632,4.8112539445240206
145834,4.437473502012024
146129,4.183996027651845
146331,5.005004732459167
146432,4.0607243929655095
146533,4.535262911121291
146634,4.54007068549199
146735,5.1775628217596825
146836,4.389888950785345
146937,5.103322927989366
147030,4.668010543000674
147636,4.311059677330448
147737,4.919047925835965
148032,4.4310038181814955
148133,4.651737846715028
148335,5.186598733019804
148436,4.642831708869375
148840,4.456435464131673
148941,4.790397828934819
149236,4.765889820520121
149337,4.802050962351036
149539,4.641001266632029
149741,4.801422544104051
149842,4.258196550371373
150423,4.718075888549359
150524,4.554182910965494
150625,4.341225297373771
150726,4.426044833934196
150928,3.8925368262956974
151021,4.646326222771923
151223,4.395897718671819
151324,4.424566680127216
151425,4.7338362385563135
151526,4.505104300930567
151627,4.982047654084569
151728,4.534552512319675
151829,4.733105742312478
151930,4.403538604629151
152225,4.226788926757829
152427,4.139458396938586
152831,4.651541932866548
153025,4.117586760461359
153126,4.830839588745073
153227,4.845760230763763
153429,4.458536176511929
153631,4.449107824567998
153732,4.325454544425057
153833,4.267300908037878
153934,4.28887836747215
154229,4.483875526138863
154330,4.128480755925437
154431,4.541730712626726
154532,4.5471792576409165
154734,4.47279382855154
154835,4.958767434054284
154936,4.611089271022321
155231,4.780162111976598
155635,4.824461495551236
155938,3.902613553062504
156031,4.561111763345759
156233,4.272996295237061
156334,4.918035987178383
156435,3.6346292945584278
156536,4.151409100450085
156637,4.329395601006161
157336,4.703376102924918
157437,3.993935984337504
157942,4.216071032954778
158035,4.787226892142687
158136,4.7956173268571
158338,4.673503094112484
158540,4.033386380926654
158843,4.60402970982776
159138,3.9964722064305724
159239,4.960087818916225
159340,4.678413598881217
159441,4.3700815025775235
159744,4.745086369391081
159845,4.48330820653862
159946,4.98582357317384
160123,4.5059435315472
160729,4.610385340929533
160830,4.582512499273477
161327,4.787788854222018
161630,4.485948595351639
161731,4.489285546390123
161832,3.9592251457023755
162026,4.299818372200272
162228,4.582788755906504
162329,4.237228658084659
162733,4.381754461057121
162935,4.625124564412328
163129,4.456897764349846
163331,4.788209539279066
163432,4.675786418422314
163836,5.166914288614263
164030,4.896837291280993
164131,4.496983900193973
164636,4.74349841345353
164939,4.759807056204389
165032,4.442798692397647
165234,4.015237910376177
165436,4.726673648625288
165638,4.475009581931811
165840,3.862976248243374
165941,5.169976982357532
166438,4.4228449595348245
166640,3.746004566353176
167036,4.683120091337379
167238,4.036384448074849
167440,4.810931031114757
167743,4.438060871630457
168139,4.547996091945218
168240,4.666539684090562
168341,4.352479633595504
168745,4.804163324786899
168947,4.954991774687214
169040,4.058732696463493
169141,4.479569001513402
169343,4.659240085130989
169444,4.564287451068764
169545,4.004745722463978
169747,4.3590843834084545
169949,4.738566140994938
170631,3.4417721139392397
170934,4.828438160758509
171128,4.886739309091624
171330,4.599740720829821
171431,4.948579901082122
171532,5.037537760391488
171633,4.9112535701516045
171734,4.2297613922412305
172029,4.854884357618815
172130,4.135037855795472
172332,4.991804823420953
172433,4.266638569783259
172534,4.0946184231309
172635,4.4447835975607735
172938,4.9025776097652765
173132,4.226227727320903
173334,3.886428756305852
173435,4.371771907698334
173536,4.2702328497519275
173637,4.128769438826188
173738,3.7713220212334475
173839,4.426806498583446
173940,4.7689533796606
174437,4.658451460110184
174841,4.821333617742478
175035,4.074441224836386
175136,4.804707326334316
175237,4.649221782014539
175338,4.365406503699173
175439,4.895718487159417
175540,3.963979715650089
175742,5.031735490831928
176037,5.065759657250711
176239,4.328509006617109
176441,4.318198129270016
176542,4.36695634344805
176744,4.550557966442316
176845,4.3618787685575064
177140,4.531528528502619
177241,3.862809168332563
177342,4.601036221225784
177645,4.664242647061612
177746,4.830988384899344
178142,4.77087062528047
178243,4.343093429160733
178647,4.644126135421051
178748,4.203963201130476
178849,4.469969978148769
178950,4.757619675677729
179245,4.192660641847796
179346,4.701215230810315
179952,4.309995359568356
180129,4.9057670479399444
180230,4.37763969108542
180432,4.734926450966257
180533,4.332847515930163
180735,4.100255461525505
180836,3.7044962579318055
180937,4.668485527210145
181131,4.541168389730638
181232,4.781415650309087
181636,4.491227456925303
182032,4.038288565402436
182436,4.618160117686955
182739,4.431497453110606
182840,4.883787098051743
183034,4.493977160670958
183337,4.610735340652787
183741,4.818788952480094
185038,4.481783040370198
185139,4.68458569328096
185341,4.6169695160216015
185442,4.592114242416512
185846,3.9470752757915775
185947,4.613194666804565
186040,4.8429064306286955
186141,4.569665266780584
186444,4.112201539627559
186545,3.9400599531539617
186848,4.67388410908559
186949,4.7542877573494415
187143,4.506983604002196
187345,4.223041931592402
187547,4.531372287203444
187850,4.461831129362775
188145,4.845756187447362
188347,4.067061905586813
188448,4.409403156860398
188549,4.406111431646211
188751,4.169996713737941
189349,4.416441435096921
189450,4.405849236296805
189652,4.795410601863596
190031,3.9712379370253768
191033,4.250504875210746
191235,4.091217627056815
191336,4.070669661348591
191437,4.890046348108933
191841,4.712167869442419
191942,4.624735178294877
192035,5.1467182828489815
192136,4.446155517003032
192237,4.84759587670035
192439,4.555559640414138
192540,4.119382122775853
192641,4.87755922627829
192843,4.6360603080125955
193239,4.470019701383822
193441,4.312928535346627
193845,4.47743041326067
194140,4.81429309867049
194443,4.430296014924755
194645,4.076002230316067
194746,4.76028912552282
194847,4.884179657485822
195041,5.105394821855425
195445,4.039938086779141
195647,4.8293554410768476
195849,4.409393108219575
195950,5.068686698526557
196144,4.846268693361608
196346,4.238302298092378
196750,4.254141293113166
196851,4.2424293517762415
196952,5.018305926463858
197348,5.270165293596906
197550,4.832331003214427
197651,4.51557817989872
198047,4.300251490357737
198249,4.533343972894788
198350,3.521807081492871
198451,4.665806808160287
198653,4.120774278774406
198855,4.791415535674695
199150,4.152941965193002
199251,4.51927081578111
199352,4.392006961138297
199453,3.811245455846139
199655,4.59824691592746
199958,4.201135986566015
200008,4.796672040745962
200109,4.540461879701066
200210,4.51322333150518
200311,4.781125146247552
200513,4.323463465707707
200614,4.6595286749559595
200917,3.7505677298030076
201111,4.273457283680122
201414,3.902816628985163
201515,4.391240377440074
201717,4.566345291904108
201818,4.973721703094949
202113,3.7138818341118056
202719,4.574106818834644
202820,4.817682532592991
203418,4.848484055476324
203923,4.00510045726412
204016,4.672352571991804
204218,5.056778120237041
204319,4.4453472096528
204420,4.433809841696908
204521,5.144605788789515
204622,4.758601940417181
205119,4.623698803060661
205220,3.979018341405733
205725,4.8138524138534065
205826,4.949948866649914
206222,3.827089299080669
206323,5.151462367570689
206525,3.4417835451485184
206727,4.63273178953619
206828,4.1411832323133275
206929,4.190131624079821
207123,4.247976045063915
207426,4.640877464200592
208024,4.536784914104558
208125,4.765333426587151
208226,4.586946685530204
208327,4.628305483253669
208428,4.974222431643572
208630,3.9819666504194835
209127,4.7564124266195105
209228,4.627337223856233
209329,4.789905791026528
209531,4.764051592407736
209834,5.066455347730547
209935,4.512738343966891
210011,4.4127716578570855
210112,4.122418714868822
210415,4.484302191340146
210617,4.515147389086664
211114,4.762302300188377
211215,4.223609326751625
211316,4.8004559197558505
211417,4.886349173260426
211619,4.2631387355799495
211720,4.1494750170365275
211821,4.537305929656364
211922,4.7468911777698555
212015,4.11944282513712
212116,5.021291531295032
212217,4.970268042380374
212318,5.096468320519653
212419,4.320574992834346
212823,4.55807493987283
213017,4.521802972197618
213421,3.956433913650419
213522,4.503366347172895
214019,4.984140193385871
214221,4.115946040504346
214423,3.7972478758602515
214524,4.7243846594778205
214625,4.2936012571900335
214726,4.576133724721998
217126,3.7504419024321907
217429,4.699082908079175
219231,4.481633498069861
220721,4.890656002738396
221218,4.713449863131131
221319,4.439548177658512
223929,4.122932224685527
224022,4.094251343519877
227432,4.911692701859472
227533,4.7576724372970585
228434,4.132088939684509
231928,4.439696235672368
233326,3.819918139746503
236130,4.3060598184038446
237334,4.59640376340853
238033,4.502272177343654
239136,4.82992388001529
239944,5.072508811048143
245333,4.606917497875231
246133,4.258398912750245
248339,4.554430605655047
249947,4.673130275634972
250427,4.917711722689008
250932,4.560918865991922
251833,4.998875143643957
255639,4.920791076152007
255740,4.455570372294497
256540,4.440879994569241
257542,4.5908620933404105
257845,4.819851267172583
257946,4.174969144501425
263436,4.47376988681935
268749,4.519623048584249
268850,4.23926898243128
270332,3.9852021800375472
274542,4.261736906160698
275645,3.88836637783922
280739,5.076455574243738
280941,4.610016714131404
281135,4.328806743893918
283543,4.64605954588439
284646,4.884183522254878
285345,4.91202567262512
285446,4.863919530298095
286347,4.094718523409589
286650,4.683259569813822
287248,4.225003199925558
289555,4.761063004747939
290136,4.8622520736160215
293748,5.06064634774317
295146,5.204715611751526
297655,4.551514240335017
298051,4.424102605869829
298455,4.318439230064226
299154,4.1869736964583915
299760,4.61122866728847
300618,4.135276614689102
300719,4.651685030096274
303119,4.961445281188341
303624,4.1603970287054235
304020,4.0966539505150035
304727,4.425595189016995
305830,4.536132890528721
307127,4.867246400656716
308129,4.0094055586797595
308331,3.942724994875264
309636,4.570714760046263
310621,4.659723859010101
311320,4.551695974040502
314225,4.040270579255103
316633,4.192831392932289
316835,4.624020268548257
317332,4.226152574776975
318637,4.105373621264251
320826,4.621299633946352
321323,4.3807120309402565
322224,4.843751309442708
325129,4.182577171077485
329440,4.661465546836887
329844,4.701232291332184
330324,4.765040876607556
333330,4.973266189112337
334635,3.834645594630597
336841,4.3030938216622925
339847,4.670322674736311
341834,4.65871546372542
342129,3.940407385877262
346137,4.953327613070796
346945,4.774441821029388
348545,4.565526973431962
349244,4.5311569092165636
350330,4.752396336752752
352132,4.3364328633775
352738,4.620668814450154
353740,3.9289402900580406
355239,4.75196370065285
356948,4.645208545089496
358144,4.11844961085052
360030,4.875755153294999
361234,4.420082431198246
361941,4.365034376151652
362034,4.490360679089431
365343,4.779181424116048
366042,4.588526631231403
366446,3.5689683969276524
368551,4.738567684843982
368753,5.093624958885037
371843,4.5658806342296785
376247,4.085682729950401
377451,3.8666249779821174
378756,4.550956893006817
378857,4.541294498791622
379657,4.341635708931851
380036,4.691169475899196
381038,4.6581179177707925
381543,3.8771511287817706
382242,4.8634162979253155
385046,4.791111200398269
385450,4.357055728191187
386250,4.269617972898865
387959,4.378429920057021
389357,4.8364507089893145
390645,4.532577144055283
391748,4.787731288478544
392447,4.6667568584563845
392750,4.701513041037794
393247,4.46601314962094
393550,4.580110858718323
394956,4.458312302550066
395251,4.595793804672441
395756,4.724016842857301
395958,3.9559819744109372
397154,4.812572704180842
397760,5.002033131976695
397861,4.745817338025003
401422,4.907593018185265
406432,4.188012831883945
406836,4.596302773114843
412528,4.75985903091856
413934,4.2509592694052465
414229,4.147464536652099
415837,4.678804765552512
419239,4.584508995262074
421226,4.440941787570797
422632,4.9119562940534625
424939,3.9654411383560415
429040,4.661417242743722
432332,4.6174074920432995
433839,4.890976432266057
436239,4.89346620741949
436845,4.394400256732366
441939,4.5858028909065345
445543,4.780432245744732
448347,4.444299840120269
449753,4.2471012625720945
453441,4.057730410888324
453542,4.833958167004711
454140,4.260542843946871
456346,4.962495927709119
459453,4.559648152145826
461743,4.851807201644685
463040,4.5645318613376205
465852,4.328925814985956
467351,4.757700464465162
468050,4.7035054436649455
469961,4.798149909165991
473952,4.991650002350685
475855,4.547767855707043
479762,4.116005146696301
480141,3.838223458925187
481042,4.839706513633203
481951,4.414773208578204
485757,4.77471886841946
486759,3.9333879481337544
492754,4.7654088197907924
495255,3.7302084782271905
497865,3.664516805511966
499566,4.258955651183996
500222,4.087912424333899
506234,4.297838403766924
510225,4.324762838695932
510326,4.282396159305189
512835,4.726859618614219
513130,4.969028454007379
513736,4.754107190362272
516742,4.603401823623797
517239,3.497192964037284
518746,4.839066550630486
519647,4.673199978112377
519950,3.8729364806107434
520228,4.555045140474866
521331,4.052524501905618
522434,4.513478904664396
523032,4.120510941906291
524135,4.523225596775447
525541,4.57874909358285
529549,3.9789594862382933
529953,3.660993566565149
530635,4.933529462092193
531536,4.655697440849304
531940,4.33845413091413
536647,4.635521582512544
540436,3.577199124151727
541640,4.673092348540172
541943,4.438914359372586
545345,4.180364046184498
547046,4.279030700584293
548250,4.653906793665174
549757,4.658784092491357
550439,4.387400577553015
552241,4.059228313505924
552544,4.622304905377957
553344,4.423307111538085
555348,4.381553122092684
555651,4.352827994963857
555954,5.106814213542839
557857,4.493472300462096
558657,4.685499647433243
558960,4.762840515391181
559053,4.581585004052118
559457,4.211666573365619
561242,4.6375969417983285
561444,4.3046084278790016
561949,4.360640423485956
562345,4.0553508940609335
562446,4.672215128691529
565452,5.2467177967150285
566454,5.1762668340121385
567052,4.914090535303603
567759,4.587125147822676
567961,4.835381143104868
568963,4.705465693480059
570243,4.486237097546697
571144,4.676197556009758
571548,5.258651874546009
572045,4.133903371350408
573249,4.8342636280391895
573451,4.362235957230084
576255,5.2255986912061605
578057,4.8508248056862975
578158,4.031924727724952
579665,4.675991706638832
579867,4.640234008348981
580044,3.9024965331738963
580347,4.692074642507594
580650,5.037630224697353
580751,3.9015936169291887
581349,3.8277422046492493
581450,4.093414647621331
583858,4.811119448412393
585256,4.562055243395598
585862,4.958505989613892
586460,4.708191490423724
587664,4.304001194910457
588565,4.699768600528066
589567,3.998919080740344
590047,4.683703468562334
592455,5.112174988611804
594156,4.320203787125497
597869,4.221436511542947
598568,3.7005649552268336
599065,4.568377304506026
599469,5.150065015792188
599671,3.7801133089728145
601127,4.64489837505552
604537,4.373720932389109
609143,4.741167000334492
611938,4.501495086235424
613235,4.819715272508391
613538,3.7666534841470893
614439,4.1651410957527855
615441,4.4123113608214055
615744,4.726561925226309
616645,4.30862668820844
617748,4.620552987795362
618952,3.4857614260857135
620434,4.4634902077639795
622236,4.690257584820185
623137,4.816945664018593
623844,4.642603006257739
626648,4.784180140792532
627549,4.921531458848191
627852,4.632342463709006
628248,4.73000885997472
633847,4.281381725445696
634748,4.272165196214723
635245,4.599174198039048
638049,4.819415108821029
644044,5.0475854397883175
644246,5.200976799169299
645450,3.8548758384180215
645551,4.0658778267640265
647858,3.9717067764106107
654350,4.448199127786152
654552,4.347310927955883
654754,4.760879441095922
656253,4.774886125955087
656657,3.9691706505416184
657659,4.6997490783258495
660951,4.901467731031376
662551,4.172360725202416
663755,4.478770754317232
664757,3.692153645827014
665254,4.399790271400801
667056,4.672842294439805
668361,4.2677952089312905
671855,4.717756276613843
672756,4.191723778884333
673455,4.755191499220422
675661,4.918501429839438
677766,4.86562738297426
677968,4.44204183939577
679568,4.9703583894287355
679770,4.750217606780805
680250,4.653119448447543
680452,4.716908731263606
680957,4.472769182610896
683256,4.8022013840033
685058,4.5328891655349315
686969,3.990171292967517
687163,4.813505392433017
688569,4.611095927230947
689470,4.860572377477854
690152,3.6019095805645645
692964,3.965840433383767
693764,4.042016205038776
694362,4.4494658421251225
695768,5.018937731786718
698168,3.8461061516975015
700634,4.3928421771097295
701535,4.743099154510638
702133,4.562534010125001
704238,4.641639679773498
705341,4.261645428092854
706040,4.851343750341371
707749,4.317463350016702
709551,4.941188091669041
713239,4.29584544652103
715041,4.845061226741379
715647,4.591361077808612
715950,5.055233983824403
720337,4.590398504881007
723141,5.112023556272263
724446,4.418164828466349
725751,4.274563626172016
727553,4.671245943580996
727654,4.309397092865732
728454,4.679107751842217
729254,4.372115054476121
729557,4.694860060014773
731140,4.685901907201913
732243,4.46665581499364
734045,4.388561169845023
734247,4.461882568543477
735148,3.926422238175615
737960,4.418304148383289
742549,4.259042822522831
744553,4.33914281582714
748258,4.39332436401438
748662,5.136793962883893
749058,4.603527736037137
749361,4.393427030704723
751348,4.240037536020896
751550,4.178204298349019
753150,4.275321711306349
753251,4.178692964396937
756055,4.5384815099341465
757764,4.5282025782744135
759869,4.090488285369426
760551,4.233506429274394
761957,4.569438196452342
763557,4.681279130265381
765056,3.6219252069882284
765864,4.515353494721532
766563,3.87430734941489
767464,4.961013943282461
769064,4.10873605897541
770352,4.766950638836014
771354,4.5074534188948
773257,4.307772791460937
774663,4.203039958051463
779370,4.150497118812593
782561,4.76560698901503
783462,4.615522704546954
784565,3.6214576418289868
786569,5.076953527376013
788674,5.063665832497401
788876,5.115668138020116
789373,3.9092739476052807
792564,4.78256944626937
792766,4.07268353281127
792867,4.122070044834366
793465,4.5018306195708035
800941,4.111014931832678
802844,4.629090605893017
803240,4.242907941535512
804646,3.855151312535793
809252,4.514326137335356
810439,4.734650208420984
810843,4.462252107866582
812746,3.7392475195213146
814548,4.77066904820848
814649,4.742449620896595
815247,3.720613329608911
816653,4.660400236459004
818455,4.975079911580035
818859,4.656798184819989
820745,4.010513016683143
822244,5.003054479305984
825048,4.664590792988724
825553,4.0891843246859185
825654,4.627297155599549
826353,4.507875395023014
826454,4.554898592290705
827052,4.498647764031537
828862,4.1759135463715635
832651,3.7322428035715602
833148,4.475036385627048
833249,4.52808650382657
835657,4.107648604868711
837560,4.251983035642541
837964,4.941192385602297
841349,4.139836983444191
843151,3.8921581438331865
844961,4.949617801927711
845458,4.621276655319063
849264,4.1445130211650065
849971,4.659689633139491
852455,4.661972732382795
856463,4.564286744506584
856766,4.726332227584999
856968,4.163951035052424
857263,4.543387013598997
859671,5.065057320698411
861456,4.227728219584126
865363,4.082769824482524
867468,4.764382781549539
869472,4.261959972430095
870861,4.653542589603324
871762,4.448652718456762
871964,4.5922956413390565
872158,4.514955134183639
872562,4.544262394380214
872764,4.6691638445512345
873968,4.272528914164495
877168,4.689191236656356
877269,4.232461569419153
878776,4.065634890037916
878877,4.738778265271863
880157,4.676476992274123
882161,4.543746780252849
884064,4.792121891940188
885975,4.01992014674269
886674,4.552836259215102
887373,4.598674865783595
888678,4.639567937543523
889579,4.731067875126214
891667,4.750570117935987
894067,4.560865270688971
894673,4.445747075777337
894774,4.8349938247396285
896778,4.42883109509168
896879,4.503067692394742
898176,4.153844177295406
899885,4.691974983138399
901038,4.76910908650481
901139,4.008633080837992
901442,4.720751799063979
902242,4.874984163669894
904044,4.734134797638244
905147,4.335393981710046
907656,4.447029141722593
908860,4.555149007772603
910241,3.894662899852725
910443,4.535621885587315
911849,3.775468933586362
912447,4.961052078898945
917255,4.71341074377968
917558,5.02372513031097
919966,4.680329254640166
922854,4.519853078392247
923755,4.410118151622592
926862,4.2037121569159535
927359,4.577252311804587
929464,4.389585204986794
930449,3.680332120165012
932554,4.519439056301927
933253,4.771529059697283
937160,4.825761661497902
942658,4.240085369263028
943862,4.274991520169809
947668,4.390142379748152
951457,4.4331823355629805
952863,3.80306797100948
953764,4.895363828690872
955465,4.667661334950627
957974,4.368442351361697
958976,4.262820056040901
959574,4.589681205205831
962058,3.7874743021508985
965367,4.544029552253361
965771,3.813732859864653
966975,3.42215363621433
969476,4.690018216011609
970764,4.31800577739075
971160,4.6300076527703995
972566,4.831137938178016
973770,4.162471713661081
978578,3.8642055485022855
979984,4.677092153456526
983773,4.614213009278979
984472,4.03199091812011
987074,4.151665420265962
987983,4.3697156601459
989987,4.840376824693985
990366,4.624207585251757
991267,4.6548808242288295
992673,4.2909422986411165
992774,4.355011455284062
993675,4.961952632121577
994273,3.953474216336796
996782,4.6007478899548
